 1 0.975963 0.961239 0.975641 0.884876 0.364536 0.930417 0.8118 0.895643 0.965893 0.831908 0.880691 0.951025 0.810405 0.860084 0.971349 0.95665 0.872665 0.652004 0.925018 0.86974 0.785014 0.345778 0.864218 0.966799 0.348315 0.0754811 0.402959 0.710513 0.316353 0.30588 0.916351 0.42108 0.311351 0.850362 0.909393 0.872556 0.40371 0.858663 0.935058 0.956145 0.707893 0.333458 0.838499 0.857296 0.267136 0.0759934 0.92768 0.62897 0.260999 0.417421 0.711378 0.380986 0.409488 0.368706 0.956145 0.0744801 0.314285 0.378902 0.792487 0.720132 0.704893 0.91048 0.307533 0.950596 0.41944 0.915764 0.920286 0.726194 0.447849 0.395011 0.409488 0.913945 0.745153 0.690535 0.302563 0.711561 0.834632 0.374895 0.339989 0.407278 0.26528 0.0754811 0.339989 0.722188 0.0775805 0.769501 0.683491 0.0853922 0.680545 0.432232 0.898876 0.809927 0.0859538 0.314532 0.74533 0.36895 0.0853922 0.0754811 0.45273
 0.975963 1 0.966534 0.990436 0.890475 0.359146 0.917009 0.809595 0.88273 0.951994 0.819905 0.86799 0.966307 0.808556 0.847676 0.985797 0.971439 0.860084 0.642526 0.941397 0.866717 0.773665 0.340654 0.851753 0.981179 0.34315 0.0741766 0.397018 0.700227 0.311646 0.301321 0.941968 0.414894 0.306718 0.828252 0.896287 0.859967 0.397766 0.846278 0.941397 0.961604 0.697626 0.328507 0.826393 0.83523 0.263127 0.074683 0.952399 0.619823 0.257063 0.411279 0.701066 0.375361 0.40346 0.363253 0.942383 0.0731871 0.309598 0.373305 0.781034 0.709689 0.69467 0.897356 0.302944 0.966169 0.413253 0.91187 0.936581 0.715664 0.441277 0.389184 0.40346 0.921001 0.734359 0.680531 0.298041 0.701264 0.822579 0.369358 0.334943 0.401279 0.261286 0.0741766 0.334943 0.721341 0.0762518 0.748896 0.673562 0.0839463 0.680531 0.425883 0.906037 0.798224 0.0845013 0.309849 0.744204 0.363487 0.0839463 0.0741766 0.446092
 0.961239 0.966534 1 0.956561 0.922436 0.340395 0.921415 0.842188 0.896407 0.927593 0.804255 0.853209 0.941834 0.802551 0.842188 0.952442 0.966534 0.844813 0.664093 0.906134 0.861318 0.796348 0.321705 0.827018 0.976409 0.32465 0.0746056 0.379082 0.723396 0.292446 0.282073 0.917239 0.39618 0.287142 0.842129 0.872163 0.882886 0.379307 0.850347 0.906134 0.927593 0.710226 0.309612 0.849238 0.848996 0.243465 0.075114 0.937839 0.632262 0.248462 0.393204 0.713845 0.356905 0.385243 0.344848 0.917938 0.0736123 0.291148 0.354946 0.803928 0.722268 0.707337 0.873495 0.284254 0.931614 0.42472 0.897552 0.91139 0.728233 0.423344 0.371109 0.385243 0.88481 0.747132 0.703607 0.289582 0.724741 0.845321 0.350656 0.316297 0.383158 0.252552 0.0746056 0.316297 0.744134 0.0766887 0.771549 0.685857 0.0844218 0.703607 0.407665 0.869989 0.820937 0.0849789 0.290755 0.767197 0.345592 0.0844218 0.0746056 0.427969
 0.975641 0.990436 0.956561 1 0.880559 0.362713 0.916532 0.807836 0.881799 0.961193 0.827849 0.876396 0.975641 0.816391 0.855888 0.985754 0.961604 0.868411 0.639529 0.950491 0.875109 0.771655 0.344046 0.860003 0.971616 0.346569 0.0750404 0.400951 0.697094 0.314762 0.304339 0.93148 0.418988 0.309785 0.836274 0.904962 0.858864 0.4017 0.854475 0.950491 0.961193 0.695151 0.331784 0.824927 0.843321 0.265781 0.0755507 0.942383 0.616399 0.259668 0.415345 0.698455 0.379084 0.40745 0.366863 0.951492 0.0740433 0.312701 0.37701 0.779004 0.70741 0.692084 0.906043 0.305981 0.9755 0.417349 0.920695 0.945631 0.713482 0.445627 0.393041 0.40745 0.929898 0.732233 0.677211 0.301034 0.697985 0.821121 0.373023 0.338283 0.40525 0.26393 0.0750404 0.338283 0.718652 0.0771316 0.746606 0.671059 0.0849037 0.677211 0.430085 0.914794 0.796492 0.085463 0.312949 0.741684 0.367103 0.0849037 0.0750404 0.450486
 0.884876 0.890475 0.922436 0.880559 1 0.31626 0.883869 0.918025 0.868927 0.862018 0.78083 0.818399 0.875561 0.779296 0.817009 0.886253 0.899658 0.791727 0.716535 0.840606 0.835375 0.845695 0.298266 0.774812 0.909386 0.301288 0.0709382 0.353684 0.798295 0.270125 0.260166 0.851816 0.369718 0.264875 0.817294 0.818399 0.891967 0.353668 0.824937 0.831058 0.862018 0.74311 0.286706 0.85987 0.823736 0.222995 0.0714301 0.872108 0.678725 0.228322 0.367152 0.738689 0.332208 0.359462 0.320679 0.852748 0.0699769 0.269216 0.330375 0.817009 0.762916 0.749825 0.81082 0.262504 0.856077 0.452295 0.834034 0.845792 0.768341 0.396089 0.345985 0.359462 0.809802 0.787401 0.779296 0.267757 0.810849 0.900983 0.326112 0.293221 0.357507 0.232114 0.0709382 0.293221 0.815666 0.0729538 0.84055 0.727066 0.0803587 0.779296 0.380943 0.795774 0.841755 0.0808975 0.268552 0.847616 0.321619 0.0803587 0.0709382 0.400436
 0.364536 0.359146 0.340395 0.362713 0.31626 1 0.368891 0.26723 0.353977 0.383333 0.347339 0.375913 0.364536 0.319273 0.359146 0.357399 0.359146 0.385254 0.207896 0.384674 0.359146 0.294964 0.983492 0.412221 0.355676 0.930043 0.191524 0.947418 0.234757 0.911454 0.900379 0.376794 0.867151 0.927182 0.329837 0.406269 0.322219 0.961875 0.352404 0.374056 0.362713 0.23745 0.967133 0.313687 0.345566 0.86585 0.192677 0.369358 0.202888 0.773547 0.935869 0.242002 0.989219 0.908477 0.973174 0.383333 0.178319 0.834941 0.983957 0.308082 0.245027 0.229758 0.402436 0.854563 0.36826 0.273396 0.400558 0.38266 0.253637 0.882234 0.920316 0.908477 0.382207 0.267004 0.245321 0.798769 0.206438 0.282111 0.934266 0.902503 0.946595 0.785692 0.191524 0.880824 0.259617 0.19625 0.296406 0.241723 0.190391 0.234757 0.869985 0.380122 0.303614 0.191524 0.89537 0.250585 0.937812 0.212421 0.191524 0.859145
 0.930417 0.917009 0.921415 0.916532 0.883869 0.368891 1 0.824368 0.968115 0.916532 0.892242 0.935917 0.89283 0.891732 0.926273 0.921886 0.907745 0.911624 0.651527 0.867429 0.944801 0.853309 0.351008 0.884184 0.926739 0.353004 0.0817642 0.405116 0.786317 0.332939 0.322892 0.859478 0.403268 0.328663 0.920481 0.926739 0.945467 0.406363 0.935236 0.867429 0.897828 0.705144 0.349015 0.913293 0.925575 0.286069 0.0823155 0.879952 0.630048 0.27841 0.419196 0.708979 0.384454 0.40191 0.372567 0.90718 0.0806872 0.320149 0.382348 0.870688 0.716649 0.702508 0.91818 0.31388 0.892242 0.438173 0.932098 0.862982 0.713526 0.448388 0.397594 0.40191 0.846586 0.731953 0.767151 0.308801 0.759763 0.890893 0.378829 0.345123 0.409466 0.282969 0.0817642 0.345123 0.804308 0.0840233 0.838896 0.672404 0.0912136 0.757568 0.423784 0.83228 0.885882 0.0918112 0.321031 0.798861 0.37229 0.0912136 0.0817642 0.443449
 0.8118 0.809595 0.842188 0.807836 0.918025 0.26723 0.824368 1 0.835782 0.798225 0.751648 0.79253 0.8118 0.769164 0.790555 0.805752 0.819115 0.75386 0.752725 0.773134 0.800075 0.896287 0.248239 0.736972 0.83026 0.252686 0.0741766 0.298041 0.867645 0.229048 0.218723 0.777009 0.311646 0.222719 0.808556 0.764232 0.878662 0.296184 0.807836 0.763237 0.779004 0.752725 0.246805 0.88273 0.806119 0.190043 0.074683 0.800075 0.723108 0.188126 0.311284 0.747801 0.274316 0.302944 0.272789 0.788615 0.0731871 0.220064 0.272789 0.866717 0.773421 0.778047 0.757149 0.21248 0.790652 0.422643 0.781595 0.779012 0.77006 0.331283 0.289702 0.302944 0.739121 0.780275 0.8381 0.218858 0.881255 0.925397 0.26723 0.244003 0.301284 0.19129 0.0741766 0.244003 0.88472 0.0762518 0.891037 0.727504 0.0839463 0.847948 0.314734 0.725109 0.87334 0.0845013 0.217435 0.918023 0.275295 0.0839463 0.0741766 0.334943
 0.895643 0.88273 0.896407 0.881799 0.868927 0.353977 0.968115 0.835782 1 0.891277 0.914186 0.939541 0.867071 0.913763 0.948457 0.887892 0.87334 0.914692 0.660611 0.840369 0.967236 0.883723 0.335741 0.886973 0.893026 0.338197 0.0831061 0.38156 0.806921 0.317315 0.307132 0.833082 0.36823 0.302276 0.942901 0.911632 0.958526 0.392065 0.957627 0.840369 0.862841 0.705897 0.333832 0.944436 0.947925 0.279876 0.0836635 0.854561 0.638836 0.262999 0.395527 0.709618 0.369967 0.367938 0.348111 0.881799 0.0820171 0.305104 0.367938 0.901509 0.717637 0.703144 0.903213 0.298543 0.866101 0.425842 0.917444 0.83606 0.714512 0.415251 0.363973 0.367938 0.818424 0.724011 0.797208 0.293703 0.780153 0.903213 0.343904 0.330104 0.395527 0.267318 0.0831061 0.330104 0.834406 0.0853904 0.859854 0.672911 0.0926847 0.787495 0.389898 0.804134 0.916654 0.0932891 0.305359 0.819451 0.358248 0.0926847 0.0831061 0.40983
 0.965893 0.951994 0.927593 0.961193 0.862018 0.383333 0.916532 0.798225 0.891277 1 0.85738 0.914484 0.946397 0.836274 0.88472 0.966622 0.923162 0.897656 0.639529 0.920516 0.89433 0.771655 0.364777 0.898626 0.94305 0.366863 0.0750404 0.420934 0.707035 0.335607 0.325184 0.902093 0.439834 0.330984 0.866099 0.94305 0.868299 0.411955 0.88358 0.940499 0.961193 0.695151 0.352404 0.834406 0.882502 0.28686 0.0755507 0.913551 0.616399 0.26961 0.435533 0.698455 0.399484 0.427744 0.387156 0.990298 0.0740433 0.322743 0.397303 0.788615 0.70741 0.692084 0.943786 0.316128 0.94597 0.426827 0.948876 0.915806 0.713482 0.465816 0.413126 0.427744 0.919698 0.732233 0.687152 0.311026 0.697985 0.830556 0.393642 0.358683 0.425439 0.274024 0.0750404 0.348483 0.718652 0.0771316 0.765738 0.671059 0.0849037 0.667269 0.450486 0.904647 0.80597 0.085463 0.33368 0.731936 0.376995 0.0849037 0.0750404 0.470886
 0.831908 0.819905 0.804255 0.827849 0.78083 0.347339 0.892242 0.751648 0.914186 0.85738 1 0.947436 0.812127 0.969791 0.956418 0.835427 0.790652 0.940705 0.639743 0.792294 0.946667 0.821842 0.338801 0.921817 0.812181 0.331293 0.0975309 0.376651 0.757969 0.319605 0.30903 0.776394 0.361905 0.303797 0.93953 0.89913 0.881257 0.387009 0.936127 0.812569 0.837693 0.686772 0.336879 0.875718 0.935412 0.280599 0.0981649 0.780901 0.625674 0.273806 0.39094 0.699357 0.364174 0.362179 0.341589 0.85738 0.0962926 0.307334 0.362179 0.858908 0.690049 0.683492 0.900404 0.300408 0.82023 0.414099 0.886765 0.788229 0.687043 0.411424 0.358281 0.362179 0.788495 0.696178 0.778143 0.29555 0.72892 0.833389 0.336879 0.322777 0.39094 0.27828 0.0975309 0.333126 0.768789 0.10013 0.816016 0.644312 0.107424 0.757969 0.384873 0.784279 0.866101 0.108106 0.30725 0.752783 0.352651 0.107424 0.0975309 0.405571
 0.880691 0.86799 0.853209 0.876396 0.818399 0.375913 0.935917 0.79253 0.939541 0.914484 0.947436 1 0.861555 0.918026 0.962314 0.882652 0.839692 0.947664 0.654624 0.83449 0.952882 0.841126 0.357704 0.929024 0.859817 0.359743 0.0937947 0.412808 0.771666 0.339305 0.329075 0.81775 0.400683 0.334946 0.947298 0.943927 0.916694 0.404004 0.962094 0.854103 0.876396 0.700117 0.355676 0.902329 0.96196 0.301923 0.0944111 0.83026 0.632543 0.274043 0.42714 0.703691 0.391763 0.399579 0.379661 0.904962 0.0925907 0.316438 0.38962 0.86799 0.71199 0.69727 0.944477 0.309949 0.860486 0.427877 0.930949 0.83021 0.708888 0.446955 0.39529 0.399579 0.83226 0.718314 0.771666 0.304936 0.744175 0.870389 0.375913 0.351717 0.417233 0.27853 0.0937947 0.341706 0.790699 0.0963211 0.835708 0.667173 0.103362 0.752152 0.421797 0.827812 0.883723 0.104024 0.327183 0.775447 0.36968 0.103362 0.0937947 0.441819
 0.951025 0.966307 0.941834 0.975641 0.875561 0.364536 0.89283 0.8118 0.867071 0.946397 0.812127 0.861555 1 0.800416 0.84077 0.961737 0.966307 0.853075 0.633374 0.965176 0.860084 0.756311 0.345778 0.844813 0.957232 0.348315 0.0754811 0.402959 0.690535 0.316353 0.30588 0.955721 0.42108 0.311351 0.820394 0.890258 0.844113 0.40371 0.839166 0.945097 0.936648 0.679949 0.333458 0.809927 0.827769 0.267136 0.0759934 0.966307 0.600398 0.260999 0.417421 0.682934 0.380986 0.409488 0.368706 0.936648 0.0744801 0.314285 0.378902 0.763517 0.692427 0.676702 0.891518 0.307533 0.980268 0.409916 0.906326 0.970232 0.698606 0.447849 0.395011 0.409488 0.934443 0.717208 0.670556 0.302563 0.691276 0.806188 0.374895 0.339989 0.407278 0.26528 0.0754811 0.339989 0.71244 0.0775805 0.740665 0.656134 0.0853922 0.670556 0.432232 0.909071 0.781355 0.0859538 0.314532 0.735535 0.36895 0.0853922 0.0754811 0.45273
 0.810405 0.808556 0.802551 0.816391 0.779296 0.319273 0.891732 0.769164 0.913763 0.836274 0.969791 0.918026 0.800416 1 0.936581 0.824325 0.78886 0.910297 0.627303 0.779882 0.946429 0.839968 0.321098 0.891601 0.810696 0.30357 0.0879866 0.349859 0.775881 0.301593 0.290913 0.76423 0.333634 0.285262 0.949064 0.86924 0.890219 0.359508 0.945631 0.790121 0.816391 0.665301 0.319273 0.894337 0.934869 0.261957 0.0885667 0.779012 0.612663 0.256332 0.363973 0.6775 0.336613 0.334763 0.313968 0.836274 0.0868537 0.279694 0.334763 0.877493 0.668856 0.671319 0.870881 0.272377 0.808403 0.379554 0.886157 0.775881 0.665941 0.384661 0.331148 0.334763 0.765162 0.674801 0.796255 0.26795 0.746696 0.851543 0.319273 0.294803 0.363973 0.260535 0.0879866 0.305256 0.796508 0.090364 0.824325 0.623022 0.0980377 0.786068 0.357518 0.750671 0.884624 0.098667 0.289232 0.770448 0.325928 0.0980377 0.0879866 0.378423
 0.860084 0.847676 0.842188 0.855888 0.817009 0.359146 0.926273 0.790555 0.948457 0.88472 0.956418 0.962314 0.84077 0.936581 1 0.862608 0.828636 0.966307 0.642526 0.822623 0.98096 0.839692 0.340654 0.937839 0.849125 0.34315 0.0948261 0.387121 0.769164 0.321971 0.311646 0.806119 0.373595 0.306718 0.956277 0.934017 0.91605 0.397766 0.951994 0.852317 0.875109 0.688442 0.33872 0.901509 0.951671 0.284008 0.0954473 0.819115 0.619823 0.266911 0.401279 0.691719 0.375361 0.373305 0.353202 0.89433 0.0936127 0.309598 0.373305 0.876237 0.700585 0.685406 0.934745 0.302944 0.849157 0.413253 0.93048 0.818404 0.697532 0.421278 0.369288 0.373305 0.830061 0.706809 0.779012 0.298041 0.741262 0.859967 0.348933 0.334943 0.401279 0.271286 0.0948261 0.334943 0.788615 0.0973724 0.83418 0.655582 0.104483 0.759315 0.39557 0.825625 0.88273 0.105151 0.309849 0.773174 0.363487 0.104483 0.0948261 0.415778
 0.971349 0.985797 0.952442 0.985754 0.886253 0.357399 0.921886 0.805752 0.887892 0.966622 0.835427 0.882652 0.961738 0.824325 0.862608 1 0.957369 0.875231 0.639455 0.936945 0.881561 0.779376 0.338994 0.866756 0.976539 0.341476 0.0737533 0.395093 0.696894 0.310121 0.299844 0.927853 0.412889 0.305217 0.84393 0.910818 0.865193 0.395839 0.861397 0.936945 0.976188 0.694299 0.326903 0.831816 0.850586 0.261828 0.0742578 0.938417 0.616859 0.255787 0.409288 0.697725 0.373538 0.401506 0.361486 0.957056 0.0727675 0.308079 0.371491 0.7868 0.706306 0.691358 0.911711 0.301457 0.961601 0.420594 0.926074 0.932152 0.712253 0.439148 0.387296 0.401506 0.916645 0.730862 0.677289 0.296575 0.697928 0.827977 0.367564 0.333308 0.399335 0.259992 0.0737533 0.333308 0.717908 0.0758206 0.754766 0.670345 0.0834772 0.677289 0.423826 0.901751 0.803779 0.0840301 0.308332 0.740665 0.361717 0.0834772 0.0737533 0.443941
 0.95665 0.971439 0.966534 0.961604 0.899658 0.359146 0.907745 0.819115 0.87334 0.923162 0.790652 0.839692 0.966307 0.78886 0.828636 0.957369 1 0.831114 0.642526 0.931499 0.847676 0.764232 0.340654 0.823058 0.981179 0.34315 0.0741766 0.397018 0.700227 0.311646 0.301321 0.951671 0.414894 0.306718 0.818404 0.86799 0.85062 0.397766 0.836667 0.911703 0.932772 0.688442 0.328507 0.817003 0.825526 0.263127 0.074683 0.971439 0.610434 0.257063 0.411279 0.691719 0.375361 0.40346 0.363253 0.913551 0.0731871 0.309598 0.373305 0.771514 0.700585 0.685406 0.869314 0.302944 0.946667 0.413253 0.893259 0.936581 0.706598 0.441277 0.389184 0.40346 0.900792 0.725176 0.680531 0.298041 0.701264 0.813232 0.369358 0.334943 0.401279 0.261286 0.0741766 0.334943 0.721341 0.0762518 0.748896 0.664572 0.0839463 0.680531 0.425883 0.875883 0.788835 0.0845013 0.309849 0.744204 0.363487 0.0839463 0.0741766 0.446092
 0.872665 0.860084 0.844813 0.868411 0.791727 0.385254 0.911624 0.75386 0.914692 0.897656 0.940705 0.947664 0.853075 0.910297 0.966307 0.875231 0.831114 1 0.624059 0.844701 0.946993 0.804149 0.366609 0.970941 0.851988 0.368706 0.0964265 0.412999 0.730491 0.347771 0.337298 0.817926 0.400135 0.332651 0.920286 0.957232 0.882037 0.424318 0.917152 0.87482 0.897656 0.670634 0.364536 0.867071 0.916351 0.309497 0.0970552 0.821457 0.609922 0.290967 0.427564 0.682934 0.401484 0.399293 0.378902 0.907404 0.0951984 0.334467 0.399293 0.84077 0.673957 0.667305 0.957886 0.327924 0.871471 0.409916 0.934642 0.840372 0.671019 0.447849 0.395011 0.399293 0.852449 0.689263 0.740481 0.322642 0.701418 0.82515 0.374895 0.360487 0.427564 0.295708 0.0964265 0.360487 0.751432 0.0990038 0.798336 0.637896 0.106223 0.720502 0.421983 0.847898 0.848023 0.106899 0.335363 0.735535 0.388829 0.106223 0.0964265 0.442481
 0.652004 0.642526 0.664093 0.639529 0.716535 0.207896 0.651527 0.752725 0.660611 0.639529 0.639743 0.654624 0.633374 0.627303 0.642526 0.639455 0.642526 0.624059 1 0.601919 0.633343 0.718314 0.199217 0.608734 0.654624 0.20433 0.150613 0.22002 0.722298 0.19045 0.180491 0.599095 0.230288 0.173721 0.665301 0.627328 0.684591 0.236084 0.65807 0.611466 0.639529 0.94685 0.198044 0.69684 0.664615 0.152498 0.151548 0.614976 0.950442 0.171325 0.232114 0.928032 0.215247 0.223721 0.20433 0.630259 0.138936 0.18285 0.214025 0.697626 0.92978 0.946422 0.621476 0.175242 0.620931 0.515696 0.609634 0.608304 0.925753 0.24176 0.211639 0.223721 0.585626 0.902559 0.6938 0.18183 0.733685 0.71164 0.198044 0.195753 0.232114 0.164595 0.150613 0.2055 0.713692 0.154446 0.730862 0.935195 0.139788 0.703299 0.23474 0.582466 0.69684 0.150613 0.179408 0.745153 0.217643 0.149693 0.150613 0.244487
 0.925018 0.941397 0.906134 0.950491 0.840606 0.384674 0.867429 0.773134 0.840369 0.920516 0.792294 0.83449 0.965176 0.779882 0.822623 0.936945 0.931499 0.844701 0.601919 1 0.842419 0.726618 0.365504 0.836523 0.922749 0.367888 0.077779 0.423743 0.657019 0.3354 0.324666 0.969939 0.442742 0.330448 0.790121 0.883523 0.817059 0.424773 0.810608 0.948548 0.930508 0.659204 0.352821 0.781798 0.798438 0.28507 0.0783018 0.961192 0.576798 0.278189 0.438668 0.661574 0.401427 0.430589 0.388788 0.920516 0.0767576 0.332905 0.399238 0.733543 0.662859 0.655536 0.885084 0.326087 0.974771 0.391322 0.89072 0.994894 0.669396 0.469856 0.415647 0.430589 0.9582 0.687846 0.636541 0.32084 0.656985 0.778188 0.395292 0.359406 0.428272 0.282727 0.077779 0.359406 0.680717 0.0799215 0.710353 0.635607 0.0879399 0.636541 0.453953 0.932197 0.752512 0.0885132 0.333477 0.704147 0.388786 0.0879399 0.077779 0.474963
 0.86974 0.866717 0.861318 0.875109 0.835375 0.359146 0.944801 0.800075 0.967236 0.89433 0.946667 0.952882 0.860084 0.946429 0.98096 0.881561 0.847676 0.946993 0.633343 0.842419 1 0.849125 0.340654 0.918708 0.86799 0.34315 0.0845013 0.387121 0.769164 0.321971 0.311646 0.825526 0.373595 0.306718 0.956277 0.924585 0.925397 0.397766 0.961604 0.852317 0.875109 0.679259 0.33872 0.910899 0.951671 0.284008 0.0850652 0.838156 0.610434 0.266911 0.401279 0.682371 0.375361 0.373305 0.353202 0.89433 0.0833999 0.309598 0.373305 0.885757 0.69148 0.676142 0.925397 0.302944 0.868659 0.403864 0.939786 0.8381 0.688466 0.421278 0.369288 0.373305 0.830061 0.697626 0.779012 0.298041 0.741262 0.869314 0.348933 0.334943 0.401279 0.271286 0.0845013 0.334943 0.798225 0.0868121 0.83418 0.646592 0.0942147 0.769164 0.39557 0.815573 0.89212 0.0948261 0.309849 0.78283 0.363487 0.0942147 0.0845013 0.415778
 0.785014 0.773665 0.796348 0.771655 0.845695 0.294964 0.853309 0.896287 0.883723 0.771655 0.821842 0.841126 0.756311 0.839968 0.839692 0.779376 0.764232 0.804149 0.718314 0.726618 0.849125 1 0.276314 0.777394 0.785052 0.280072 0.0835651 0.314742 0.918026 0.257468 0.247239 0.72161 0.298387 0.241318 0.878997 0.794398 0.907433 0.323487 0.876396 0.726618 0.752611 0.718314 0.274727 0.939541 0.875434 0.219169 0.0841246 0.745367 0.688361 0.225256 0.328067 0.722213 0.301661 0.29999 0.290031 0.762133 0.082472 0.247442 0.29999 0.962314 0.739052 0.743164 0.78704 0.240237 0.754214 0.427877 0.801874 0.72288 0.735836 0.337974 0.296725 0.29999 0.702113 0.736512 0.908269 0.246096 0.902692 0.935216 0.274727 0.271627 0.328067 0.228994 0.0835651 0.271627 0.94305 0.0858581 0.967151 0.693895 0.093188 0.908269 0.311672 0.688387 0.958147 0.0937947 0.245793 0.938096 0.301718 0.093188 0.0835651 0.331695
 0.345778 0.340654 0.321705 0.344046 0.298266 0.983492 0.351008 0.248239 0.335741 0.364777 0.338801 0.357704 0.345778 0.321098 0.340654 0.338994 0.340654 0.366609 0.199217 0.365504 0.340654 0.276314 1 0.393921 0.337356 0.924345 0.203787 0.931307 0.236123 0.927631 0.916495 0.358001 0.849679 0.943632 0.310476 0.388225 0.303902 0.945278 0.33368 0.354828 0.344046 0.228932 0.983492 0.295231 0.326604 0.881903 0.205007 0.350923 0.193958 0.788463 0.919474 0.233331 0.972888 0.891821 0.956869 0.364777 0.190391 0.839569 0.967711 0.289313 0.226817 0.221111 0.384555 0.859297 0.349318 0.264849 0.382758 0.363586 0.235557 0.865548 0.903948 0.891821 0.362576 0.248742 0.246745 0.8032 0.207649 0.263576 0.928416 0.896599 0.930259 0.800837 0.203787 0.8857 0.250755 0.208791 0.27767 0.223742 0.202587 0.236123 0.853005 0.360594 0.285104 0.203787 0.911399 0.231208 0.932431 0.224737 0.203787 0.842106
 0.864218 0.851753 0.827018 0.860003 0.774812 0.412221 0.884184 0.736972 0.886973 0.898626 0.921817 0.929024 0.844813 0.891601 0.937839 0.866756 0.823058 0.970941 0.608734 0.836523 0.918708 0.777394 0.393921 1 0.843732 0.395342 0.0953523 0.438748 0.703607 0.375433 0.36506 0.809999 0.416927 0.360987 0.891601 0.957455 0.854713 0.430337 0.898626 0.876301 0.88897 0.654867 0.391699 0.839805 0.897741 0.337872 0.095976 0.813493 0.594527 0.307829 0.443437 0.666889 0.427969 0.425638 0.405441 0.908282 0.0941341 0.351119 0.425638 0.813493 0.658236 0.65149 0.958015 0.344848 0.863036 0.405853 0.934949 0.832235 0.655364 0.46353 0.421084 0.425638 0.854353 0.67332 0.713501 0.339304 0.674508 0.798366 0.40196 0.387361 0.453484 0.312832 0.0953523 0.377209 0.724823 0.0979088 0.771549 0.622629 0.105055 0.693712 0.438121 0.849791 0.820937 0.105726 0.362971 0.708984 0.404663 0.105055 0.0953523 0.458425
 0.966799 0.981179 0.976409 0.971616 0.909386 0.355676 0.926739 0.83026 0.893026 0.94305 0.812181 0.859817 0.957232 0.810696 0.849125 0.976539 0.981179 0.851988 0.654624 0.922749 0.86799 0.785052 0.337356 0.843732 1 0.339826 0.0733355 0.393195 0.713122 0.308616 0.298387 0.933118 0.410912 0.303737 0.839968 0.887853 0.870389 0.393939 0.857352 0.922749 0.952572 0.700117 0.32532 0.837209 0.846592 0.260546 0.0738381 0.952882 0.62324 0.254528 0.407325 0.703691 0.37174 0.399579 0.359743 0.933528 0.0723533 0.306581 0.369702 0.79253 0.71199 0.69727 0.888911 0.29999 0.947436 0.418574 0.91251 0.927784 0.717871 0.437047 0.385434 0.399579 0.902339 0.736512 0.693608 0.295129 0.714453 0.833345 0.365795 0.331695 0.397418 0.258716 0.0733355 0.331695 0.733567 0.0753951 0.760599 0.67608 0.0830143 0.693608 0.421797 0.887565 0.8093 0.0835651 0.306835 0.756311 0.359971 0.0830143 0.0733355 0.441819
 0.348315 0.34315 0.32465 0.346569 0.301288 0.930043 0.353004 0.252686 0.338197 0.366863 0.331293 0.359743 0.348315 0.30357 0.34315 0.341476 0.34315 0.368706 0.20433 0.367888 0.34315 0.280072 0.924345 0.395342 0.339826 1 0.19915 0.879946 0.220388 0.951317 0.940416 0.360331 0.798703 0.90121 0.313968 0.38962 0.306984 0.903532 0.336422 0.357438 0.346569 0.233417 0.91926 0.298543 0.329597 0.907047 0.200346 0.353202 0.199408 0.844251 0.868045 0.237903 0.920002 0.840812 0.904487 0.366863 0.186032 0.905524 0.9151 0.292892 0.240873 0.225849 0.385935 0.925712 0.351884 0.268802 0.384129 0.365956 0.249346 0.815257 0.853007 0.840812 0.365247 0.262504 0.230786 0.869496 0.192361 0.267509 0.865346 0.973343 0.878602 0.857487 0.19915 0.952007 0.2451 0.204056 0.281447 0.237617 0.197973 0.220388 0.80265 0.363249 0.28863 0.19915 0.967711 0.236164 0.964123 0.219656 0.19915 0.791981
 0.0754811 0.0741766 0.0746056 0.0750404 0.0709382 0.191524 0.0817642 0.0741766 0.0831061 0.0750404 0.0975309 0.0937947 0.0754811 0.0879867 0.0948261 0.0737533 0.0741766 0.0964265 0.150613 0.077779 0.0845013 0.0835651 0.203787 0.0953523 0.0733355 0.19915 1 0.185121 0.0879867 0.204994 0.216191 0.0759279 0.171402 0.208734 0.0879867 0.0937947 0.082653 0.190415 0.085463 0.077779 0.0750404 0.150613 0.2026 0.0831061 0.0864514 0.241435 0.983127 0.0741766 0.174753 0.258872 0.18719 0.153612 0.189324 0.188249 0.188249 0.0750404 0.933606 0.207726 0.188249 0.0845013 0.139296 0.142046 0.0927901 0.220952 0.0763809 0.276583 0.0822058 0.0773063 0.13863 0.165501 0.186148 0.188249 0.0797402 0.120735 0.0879867 0.228058 0.0787451 0.072516 0.191524 0.200282 0.176346 0.252257 1 0.200282 0.085463 0.965904 0.0840301 0.156821 0.916495 0.0879867 0.167407 0.0901399 0.0831061 0.955211 0.203787 0.0754811 0.19374 0.972175 1 0.167407
 0.402959 0.397018 0.379082 0.400951 0.353684 0.947418 0.405116 0.298041 0.38156 0.420934 0.376651 0.412808 0.402959 0.349859 0.387121 0.395093 0.397018 0.412999 0.22002 0.423743 0.387121 0.314742 0.931307 0.438748 0.393195 0.879946 0.185121 1 0.257712 0.861377 0.850642 0.415085 0.925782 0.88718 0.360098 0.442228 0.360321 0.942263 0.380967 0.413453 0.400951 0.248662 0.915565 0.342513 0.374732 0.816944 0.186241 0.406916 0.215608 0.728689 0.979262 0.253425 0.9582 0.963547 0.963547 0.420934 0.172318 0.787987 0.963547 0.327734 0.255837 0.241381 0.438064 0.806795 0.407064 0.283941 0.436024 0.42153 0.264099 0.927282 0.974156 0.963547 0.422437 0.277305 0.26795 0.753033 0.220351 0.32145 0.968654 0.853149 0.979262 0.740153 0.185121 0.832138 0.281051 0.189713 0.316278 0.25239 0.18402 0.247473 0.926685 0.420139 0.322989 0.185121 0.845903 0.262405 0.898174 0.205371 0.185121 0.916179
 0.710513 0.700227 0.723396 0.697094 0.798295 0.234757 0.786317 0.867645 0.806921 0.707035 0.757969 0.771666 0.690535 0.775881 0.769164 0.696894 0.700227 0.730491 0.722298 0.657019 0.769164 0.918026 0.236123 0.703607 0.713122 0.220388 0.0879866 0.257712 1 0.216151 0.216151 0.653816 0.248191 0.19837 0.806442 0.72288 0.841874 0.264936 0.796508 0.657019 0.677211 0.703299 0.234757 0.865198 0.80438 0.186357 0.0885667 0.680531 0.700079 0.195208 0.270879 0.696838 0.242541 0.251582 0.230786 0.697094 0.0868537 0.207658 0.241184 0.887341 0.715947 0.728818 0.716176 0.199593 0.677275 0.418406 0.722518 0.653634 0.712832 0.291566 0.248822 0.251582 0.629281 0.712799 0.969438 0.206518 0.974261 0.88055 0.234757 0.211184 0.270879 0.198472 0.0879866 0.232089 0.975455 0.090364 0.941954 0.678821 0.0980377 0.959251 0.263446 0.615501 0.884624 0.098667 0.214879 0.940264 0.244835 0.0980377 0.0879866 0.284351
 0.316353 0.311646 0.292446 0.314762 0.270125 0.911454 0.332939 0.229048 0.317315 0.335607 0.319605 0.339305 0.316353 0.301593 0.321971 0.310121 0.311646 0.347771 0.19045 0.3354 0.321971 0.257468 0.927631 0.375433 0.308616 0.951317 0.204994 0.861377 0.216151 1 0.988803 0.328491 0.776055 0.948903 0.290913 0.369994 0.285394 0.873445 0.314762 0.324666 0.314762 0.220328 0.944682 0.276583 0.307444 0.954773 0.20622 0.321971 0.184936 0.85697 0.848706 0.224572 0.901615 0.820505 0.885911 0.335607 0.2026 0.898218 0.896812 0.270347 0.218288 0.212375 0.366491 0.918614 0.319605 0.246034 0.364774 0.333634 0.217286 0.794483 0.833484 0.820505 0.331782 0.230288 0.226831 0.861377 0.18719 0.244846 0.856075 0.956407 0.85955 0.870395 0.204994 0.93449 0.23138 0.210023 0.258737 0.205571 0.214923 0.216151 0.781074 0.329961 0.2664 0.204994 0.972175 0.211626 0.916393 0.226059 0.204994 0.770115
 0.30588 0.301321 0.282073 0.304339 0.260166 0.900379 0.322892 0.218723 0.307132 0.325184 0.30903 0.329075 0.30588 0.290913 0.311646 0.299844 0.301321 0.337298 0.180491 0.324666 0.311646 0.247239 0.916495 0.36506 0.298387 0.940416 0.216191 0.850642 0.216151 0.988803 1 0.317967 0.764857 0.937516 0.280232 0.359764 0.275257 0.862429 0.304339 0.313932 0.304339 0.210369 0.933606 0.2664 0.29692 0.966096 0.217479 0.311646 0.184936 0.86765 0.837861 0.214435 0.890657 0.809604 0.87501 0.325184 0.213676 0.909007 0.885911 0.260022 0.208414 0.202328 0.356353 0.929515 0.30903 0.256217 0.354682 0.322954 0.207454 0.783639 0.822695 0.809604 0.320824 0.220328 0.226831 0.872111 0.18719 0.234709 0.844999 0.945449 0.848706 0.881239 0.216191 0.93449 0.23138 0.221476 0.24846 0.205571 0.214923 0.216151 0.770115 0.31906 0.256217 0.216191 0.972175 0.211626 0.905766 0.237195 0.216191 0.759157
 0.916351 0.941968 0.917239 0.93148 0.851816 0.376794 0.859478 0.777009 0.833082 0.902093 0.776394 0.81775 0.955721 0.76423 0.806119 0.927853 0.951671 0.817926 0.599095 0.969939 0.825526 0.72161 0.358001 0.809999 0.933118 0.360331 0.0759279 0.415085 0.653816 0.328491 0.317967 1 0.433725 0.323641 0.774267 0.856206 0.810185 0.416103 0.794343 0.919497 0.911889 0.645895 0.345566 0.775661 0.782416 0.279152 0.0764423 0.980781 0.565116 0.272387 0.42972 0.648226 0.393214 0.421801 0.380821 0.902093 0.074923 0.326032 0.391066 0.728492 0.658756 0.642303 0.85782 0.319352 0.94535 0.373711 0.872871 0.975019 0.665123 0.460296 0.40715 0.421801 0.928756 0.683335 0.633741 0.314202 0.653942 0.772077 0.387203 0.352018 0.419528 0.276841 0.0759279 0.352018 0.676798 0.0780357 0.70571 0.622754 0.0858875 0.633741 0.444708 0.903315 0.74695 0.0864514 0.326604 0.699817 0.380811 0.0858875 0.0759279 0.465306
 0.42108 0.414894 0.39618 0.418988 0.369718 0.867151 0.403268 0.311646 0.36823 0.439834 0.361905 0.400683 0.42108 0.333634 0.373595 0.412889 0.414894 0.400135 0.230288 0.442742 0.373595 0.298387 0.849679 0.416927 0.410912 0.798703 0.171402 0.925782 0.248192 0.776055 0.764857 0.433725 1 0.80087 0.344314 0.431371 0.356353 0.873445 0.366875 0.432008 0.418988 0.260166 0.833924 0.327498 0.360061 0.728316 0.172441 0.425219 0.225668 0.643363 0.924617 0.26512 0.879699 0.962218 0.896812 0.439834 0.158297 0.704017 0.885911 0.311646 0.267657 0.252563 0.427313 0.722396 0.425355 0.296949 0.425324 0.440437 0.276279 0.946307 0.941374 0.962218 0.441365 0.290044 0.248192 0.668161 0.219724 0.325942 0.911454 0.770115 0.913773 0.653505 0.171402 0.748199 0.262648 0.175665 0.310121 0.264071 0.170379 0.226831 0.978324 0.438971 0.307132 0.171402 0.76059 0.26399 0.820748 0.192651 0.171402 0.967365
 0.311351 0.306718 0.287142 0.309785 0.264875 0.927182 0.328663 0.222719 0.302276 0.330984 0.303797 0.334946 0.311351 0.285262 0.306718 0.305217 0.306718 0.332651 0.173721 0.330448 0.306718 0.241318 0.943632 0.360987 0.303737 0.90121 0.208734 0.88718 0.19837 0.948903 0.937516 0.323641 0.800869 1 0.274401 0.366155 0.280217 0.88853 0.299185 0.319532 0.309785 0.204105 0.960973 0.260853 0.291535 0.92517 0.209979 0.317218 0.167651 0.806614 0.874403 0.208054 0.917179 0.84578 0.912296 0.330984 0.206303 0.847896 0.912296 0.254219 0.202206 0.195837 0.362689 0.867952 0.314551 0.229786 0.360991 0.328708 0.201275 0.819261 0.86984 0.84578 0.326535 0.214234 0.209232 0.810765 0.16858 0.238981 0.893391 0.906034 0.874403 0.819261 0.208734 0.883746 0.214389 0.213843 0.24251 0.189531 0.218834 0.19837 0.805736 0.324743 0.250497 0.208734 0.920982 0.194197 0.888985 0.230159 0.208734 0.794592
 0.850362 0.828252 0.842129 0.836274 0.817294 0.329837 0.920481 0.808556 0.942901 0.866099 0.93953 0.947298 0.820394 0.949064 0.956277 0.84393 0.818404 0.920286 0.665301 0.790121 0.956277 0.878997 0.310476 0.891601 0.839968 0.313968 0.0879866 0.360098 0.806442 0.290913 0.280232 0.774267 0.344314 0.274401 1 0.888754 0.928895 0.370016 0.975455 0.810598 0.836274 0.703299 0.308708 0.933188 0.985057 0.251157 0.0885667 0.798708 0.641802 0.256332 0.374317 0.706507 0.347066 0.345161 0.324365 0.856157 0.0868537 0.279694 0.345161 0.916885 0.715947 0.709652 0.890219 0.272377 0.81849 0.408693 0.895783 0.786068 0.712832 0.395005 0.341439 0.345161 0.786067 0.722298 0.81663 0.278189 0.777728 0.890219 0.319273 0.305256 0.374317 0.260535 0.0879866 0.305256 0.826333 0.090364 0.873337 0.669521 0.0980377 0.796255 0.36797 0.771467 0.923475 0.098667 0.278611 0.810405 0.336065 0.0980377 0.0879866 0.388875
 0.909393 0.896287 0.872163 0.904962 0.818399 0.406269 0.926739 0.764232 0.911632 0.94305 0.89913 0.943927 0.890258 0.86924 0.934017 0.910818 0.86799 0.957232 0.627328 0.883523 0.924585 0.794398 0.388225 0.957455 0.887853 0.38962 0.0937947 0.442228 0.72288 0.369994 0.359764 0.856206 0.431371 0.366155 0.888754 1 0.87965 0.434197 0.904962 0.912942 0.933528 0.68192 0.386032 0.855815 0.904276 0.322612 0.0944111 0.858557 0.604634 0.303315 0.456862 0.685169 0.421797 0.429456 0.409538 0.952572 0.0925907 0.346008 0.419497 0.811395 0.684928 0.678913 0.990782 0.339826 0.908791 0.418574 0.967827 0.878997 0.681941 0.476677 0.42486 0.429456 0.892328 0.700117 0.713122 0.334355 0.694638 0.824084 0.406269 0.381751 0.446955 0.308252 0.0937947 0.37174 0.743089 0.0963211 0.779376 0.649358 0.103362 0.693608 0.451831 0.887565 0.827906 0.104024 0.357704 0.727608 0.398806 0.103362 0.0937947 0.471853
 0.872556 0.859967 0.882886 0.858864 0.891967 0.322219 0.945467 0.878662 0.958526 0.868299 0.881257 0.916694 0.844113 0.890219 0.91605 0.865193 0.85062 0.882037 0.684591 0.817059 0.925397 0.907433 0.303902 0.854713 0.870389 0.306984 0.082653 0.360321 0.841874 0.285394 0.275257 0.810185 0.356353 0.280217 0.928895 0.87965 1 0.360296 0.93435 0.817059 0.839992 0.71164 0.302165 0.967745 0.934037 0.247784 0.0832084 0.831926 0.663524 0.242393 0.374026 0.715506 0.338455 0.356328 0.326722 0.858864 0.0815681 0.274343 0.336591 0.925397 0.723249 0.72717 0.871519 0.267509 0.842962 0.423834 0.885808 0.812867 0.720099 0.403479 0.352483 0.356328 0.794809 0.729672 0.822536 0.272861 0.815822 0.944937 0.332246 0.298772 0.364208 0.246396 0.082653 0.298772 0.858864 0.0849288 0.893104 0.678611 0.092188 0.812867 0.378138 0.780687 0.940088 0.0927901 0.273657 0.853594 0.327686 0.092188 0.082653 0.39798
 0.40371 0.397766 0.379307 0.4017 0.353668 0.961875 0.406363 0.296184 0.392065 0.411955 0.387009 0.404004 0.40371 0.359508 0.397766 0.395839 0.397766 0.424318 0.236084 0.424773 0.397766 0.323487 0.945278 0.430337 0.393939 0.903532 0.190415 0.942263 0.264936 0.873445 0.862429 0.416103 0.873445 0.88853 0.370016 0.434197 0.360296 1 0.381191 0.414211 0.4017 0.26548 0.929183 0.35199 0.374688 0.827716 0.191562 0.407924 0.231766 0.758813 0.952115 0.270535 0.973061 0.903532 0.935707 0.411955 0.17728 0.830387 0.967882 0.336816 0.272765 0.258089 0.430111 0.839181 0.407818 0.301897 0.428108 0.422556 0.281205 0.898767 0.915306 0.903532 0.423203 0.294876 0.275444 0.794408 0.237255 0.320402 0.918286 0.876027 0.952115 0.770733 0.190415 0.876027 0.288901 0.195118 0.325062 0.269111 0.189287 0.264936 0.876027 0.420902 0.331953 0.190415 0.868583 0.280066 0.943163 0.2112 0.190415 0.876027
 0.858663 0.846278 0.850347 0.854475 0.824937 0.352404 0.935236 0.807836 0.957627 0.88358 0.936127 0.962094 0.839166 0.945631 0.951994 0.861397 0.836667 0.917152 0.65807 0.810608 0.961604 0.876396 0.33368 0.898626 0.857352 0.336422 0.085463 0.380967 0.796508 0.314762 0.304339 0.794343 0.366875 0.299185 0.975455 0.904962 0.93435 0.381191 1 0.8206 0.844774 0.695151 0.331784 0.929191 0.990252 0.27632 0.0860313 0.817446 0.635356 0.259668 0.395156 0.698455 0.368884 0.366863 0.346569 0.873879 0.0843529 0.292616 0.366863 0.903941 0.70741 0.701436 0.906043 0.285688 0.837693 0.417349 0.920695 0.80645 0.70433 0.415345 0.362914 0.366863 0.797294 0.713692 0.796508 0.281051 0.768646 0.887171 0.342094 0.328083 0.395156 0.26393 0.085463 0.317882 0.82537 0.0877921 0.861397 0.661983 0.0952693 0.786567 0.389284 0.782884 0.919713 0.0958857 0.302583 0.809922 0.347319 0.0952693 0.085463 0.409685
 0.935058 0.941397 0.906134 0.950491 0.831058 0.374056 0.867429 0.763237 0.840369 0.940499 0.812569 0.854103 0.945097 0.790121 0.852317 0.936945 0.911703 0.87482 0.611466 0.948548 0.852317 0.726618 0.354828 0.876301 0.922749 0.357438 0.077779 0.413453 0.657019 0.324666 0.313932 0.919497 0.432008 0.319532 0.810598 0.912942 0.817059 0.414211 0.8206 1 0.960483 0.668751 0.342203 0.781798 0.818615 0.274215 0.0783018 0.911703 0.58656 0.26795 0.428272 0.671292 0.390922 0.420139 0.378338 0.950491 0.0767576 0.322562 0.388788 0.733543 0.672325 0.665167 0.914238 0.315637 0.964634 0.401084 0.910069 0.943701 0.678821 0.45946 0.405304 0.420139 0.97921 0.697393 0.636541 0.31055 0.656985 0.778188 0.384674 0.348901 0.417875 0.272331 0.077779 0.348901 0.670725 0.0799215 0.710353 0.644954 0.0879399 0.626303 0.443448 0.963547 0.752512 0.0885132 0.322802 0.694107 0.378599 0.0879399 0.077779 0.464458
 0.956145 0.961604 0.927593 0.961193 0.862018 0.362713 0.897828 0.779004 0.862841 0.961193 0.837693 0.876396 0.936648 0.816391 0.875109 0.976188 0.932772 0.897656 0.639529 0.930508 0.875109 0.752611 0.344046 0.88897 0.952572 0.346569 0.0750404 0.400951 0.677211 0.314762 0.304339 0.911889 0.418988 0.309785 0.836274 0.933528 0.839992 0.4017 0.844774 0.960483 1 0.695151 0.331784 0.80597 0.843321 0.265781 0.0755507 0.913551 0.616399 0.259668 0.415345 0.698455 0.379084 0.40745 0.366863 0.970895 0.0740433 0.312701 0.37701 0.759783 0.69822 0.692084 0.93435 0.305981 0.955814 0.417349 0.930088 0.925748 0.70433 0.445627 0.393041 0.40745 0.940098 0.722962 0.657328 0.301034 0.677797 0.802249 0.373023 0.338283 0.40525 0.26393 0.0750404 0.338283 0.689547 0.0771316 0.73704 0.671059 0.0849037 0.647386 0.430085 0.92494 0.777534 0.085463 0.312949 0.71244 0.367103 0.0849037 0.0750404 0.450486
 0.707893 0.697626 0.710226 0.695151 0.74311 0.23745 0.705144 0.752725 0.705897 0.695151 0.686772 0.700117 0.679949 0.665301 0.688442 0.694299 0.688442 0.670634 0.94685 0.659204 0.679259 0.718314 0.228932 0.654867 0.700117 0.233417 0.150613 0.248662 0.703299 0.220328 0.210369 0.645895 0.260166 0.204105 0.703299 0.68192 0.71164 0.26548 0.695151 0.668751 0.695151 1 0.227598 0.714954 0.702055 0.17264 0.151548 0.660893 0.92327 0.199823 0.261051 0.98213 0.244487 0.252809 0.233417 0.685881 0.138936 0.211639 0.243113 0.706809 0.973692 0.973231 0.675574 0.20433 0.677366 0.524753 0.66349 0.655802 0.969478 0.280342 0.240427 0.252809 0.644107 0.94685 0.674801 0.210472 0.714393 0.720656 0.227598 0.224993 0.261051 0.193532 0.150613 0.23474 0.704422 0.154446 0.721721 0.952539 0.139788 0.6843 0.273728 0.640641 0.714954 0.150613 0.209122 0.735838 0.246 0.149693 0.150613 0.283474
 0.333458 0.328507 0.309612 0.331784 0.286706 0.967133 0.349015 0.246805 0.333832 0.352404 0.336879 0.355676 0.333458 0.319273 0.33872 0.326903 0.328507 0.364536 0.198044 0.352821 0.33872 0.274727 0.983492 0.391699 0.32532 0.91926 0.2026 0.915565 0.234757 0.944682 0.933606 0.345566 0.833924 0.960973 0.308708 0.386032 0.302165 0.929183 0.331784 0.342203 0.331784 0.227598 1 0.293541 0.324747 0.89945 0.203814 0.33872 0.192816 0.80524 0.903688 0.231975 0.956701 0.876129 0.940826 0.352404 0.200231 0.845613 0.951608 0.287656 0.225494 0.21982 0.382382 0.865346 0.336879 0.253251 0.380593 0.350966 0.224461 0.850053 0.8883 0.876129 0.349689 0.23745 0.245321 0.809387 0.206438 0.262056 0.912354 0.902503 0.914415 0.817872 0.2026 0.891664 0.249307 0.207579 0.276076 0.21279 0.212421 0.234757 0.837466 0.347774 0.283469 0.2026 0.9174 0.229867 0.9273 0.223437 0.2026 0.826627
 0.838499 0.826393 0.849238 0.824927 0.85987 0.313687 0.913293 0.88273 0.944436 0.834406 0.875718 0.902329 0.809927 0.894337 0.901509 0.831816 0.817003 0.867071 0.69684 0.781798 0.910899 0.939541 0.295231 0.839805 0.837209 0.298543 0.0831061 0.342513 0.865198 0.276583 0.2664 0.775661 0.327498 0.260853 0.933188 0.855815 0.967745 0.35199 0.929191 0.781798 0.80597 0.714954 0.293541 1 0.928784 0.238688 0.0836635 0.798224 0.675878 0.233861 0.356078 0.718837 0.330104 0.328284 0.308457 0.824927 0.0820171 0.265857 0.328284 0.957846 0.726617 0.730554 0.8479 0.258889 0.808398 0.425842 0.862378 0.777782 0.723453 0.375803 0.324727 0.328284 0.758629 0.733069 0.855485 0.264417 0.839326 0.958526 0.303614 0.290241 0.356078 0.237732 0.0831061 0.290241 0.891277 0.0853904 0.91593 0.681777 0.0926847 0.845772 0.350035 0.744653 0.972218 0.0932891 0.264849 0.876595 0.31959 0.0926847 0.0831061 0.369967
